@37
4500 0054 0000 0000
4011 F86E C0A8 0095
C0A8 0045 A191 0002
0040 0000 0102 0102
0304 0304 0506 0506
0708 0708 0910 0910
1112 1112 1314 1314
1516 1516 2345 2345
3456 3456 4567 4567
5678 5678 6789 6789
7890 7890 6789 6789 100 0
% Packet number 1 ended at time 332800 ps

@51
4500 0054 0001 0000
4011 F86D C0A8 0095
C0A8 0045 A193 0002
0040 0000 0809 1011
1213 1234 2345 2345
2345 2345 3456 3456
3456 3456 4567 4567
4567 4567 5678 5678
5678 5678 6789 6789
6789 6789 7890 7890
7890 7890 7890 7890 100 0
% Packet number 2 ended at time 422400 ps

@65
4500 0054 0002 0000
4011 F86C C0A8 0095
C0A8 0045 A189 0001
0040 0000 0809 1011
1243 1234 2345 2345
2345 2345 3456 3456
3446 3456 4567 4567
4547 4567 5678 5678
5648 5678 6789 6789
6749 6789 6789 6789 100 1
% Packet number 3 ended at time 518400 ps

@83
4500 0054 0003 0000
4011 F86B C0A8 0095
C0A8 0045 A189 0002
0040 0000 0809 1011
1243 1234 2345 2345
2345 2345 3456 3456
3446 3456 4567 4567
4547 4567 5678 5678
5648 5678 6789 6789
6749 6789 6789 6789 100 1
% Packet number 4 ended at time 620800 ps

@96
4500 4202 0004 0000
4011 B6BC C0A8 0095
C0A8 0045 0022 8F02
41EE 6ADB 9912 3956
0800 4500 001D 093C
4000 8011 0000 C0A8
0163 C0A8 001E 1115
0005 0044 0000 20FE
DCF0 2FED 011F 0000
0001 1000 0001 0000 010 1
% Packet number 5 ended at time 704000 ps

@109
4500 0050 0005 0000
4011 F86D C0A8 0095
C0A8 0045 04A3 0001
003C 0F86 7465 7374
2062 6C61 2062 6C61
2065 7465 2070 7020
4C41 5050 2068 6575
7420 6973 7420 6569
6E20 7775 6E64 6572
7363 686F 656E 6572 000 0
% Packet number 6 ended at time 787200 ps

@123
4500 0020 0006 0000
4011 F89C C0A8 0095
C0A8 0045 04D2 0002
000C 0FB6 1000 0001
XXXX XXXX 0000 0000
0000 0000 0000 0000 000 1
% Packet number 7 ended at time 851200 ps

@138
4500 0024 0007 0000
4011 F897 C0A8 0095
C0A8 0045 04D2 0001
0010 0FAF 1000 0001
2000 0002 0000 0000
0000 0000 0000 0000 000 1
% Packet number 8 ended at time 947200 ps

@153
4500 0054 0008 0000
4011 F866 C0A8 0095
C0A8 0045 1343 0002
0040 00DD 7465 7374
2062 6C61 2062 6C61
2065 7465 2070 7020
4C41 5050 2068 6575
7420 6973 7420 6569
6E20 7775 6E64 6572
7363 686F 656E 6572
2074 6167 656E 6572 100 0
% Packet number 9 ended at time 1081600 ps

@168
4500 0054 0009 0000
4011 F865 C0A8 0095
C0A8 0045 04D3 0001
0040 0F4E 7465 7374
2062 6C61 2062 6C61
2065 7465 2070 7020
4C41 5050 2068 6575
7420 6973 7420 6569
6E20 7775 6E64 6572
7363 686F 656E 6572
2074 6167 656E 6572 100 0
% Packet number 10 ended at time 1171200 ps

@182
4500 0054 000A 0000
4011 F864 C0A8 0095
C0A8 0045 04D3 0001
0040 0F4E 7465 7374
2062 6C61 2062 6C61
2065 7465 2070 7020
4C41 5050 2070 7020
4C41 5050 2070 7020
4C41 5050 2070 7020
4C41 5050 2070 7020
4C41 5050 2070 7020
4C41 5050 2070 7020
4C41 5050 2070 7020
4C41 5050 2070 7020
4C41 5050 2070 7020
4C41 5050 2070 7020
4C41 5050 2070 7020
4C41 5050 2070 7020
4C41 5050 2070 7020
4C41 5050 2070 7020
4C41 5050 2070 7020
4C41 5050 2070 7020
4C41 5050 2070 7020
4C41 5050 2070 7020
4C41 5050 2070 7020
4C41 5050 2070 7020
4C41 5050 2070 7020
4C41 5050 2070 7020
4C41 5050 2070 7020
4C41 5050 2070 7020
4C41 5050 2070 7020
4C41 5050 2070 7020
4C41 5050 2070 7020
4C41 5050 2070 7020
4C41 5050 2070 7020
4C41 5050 2070 7020
4C41 5050 2070 7020
4C41 5050 2070 7020
4C41 5050 2070 7020
4C41 5050 2070 7020
4C41 5050 2070 7020
4C41 5050 2070 7020
4C41 5050 2070 7020
4C41 5050 2070 7020
4C41 5050 2070 7020
4C41 5050 2070 7020
4C41 5050 2070 7020
4C41 5050 2070 7020
4C41 5050 2070 7020
4C41 5050 2070 7020
4C41 5050 2070 7020
4C41 5050 2070 7020
4C41 5050 2070 7020
4C41 5050 2070 7020
4C41 5050 2070 7020
4C41 5050 2070 7020
4C41 5050 2070 7020
4C41 5050 2070 7020
4C41 5050 2070 7020
4C41 5050 2070 7020
4C41 5050 2070 7020
4C41 5050 2070 7020
4C41 5050 2070 7020
4C41 5050 2070 7020
4C41 5050 2070 7020
4C41 5050 2070 7020
4C41 5050 2070 7020
4C41 5050 2070 7020
4C41 5050 2070 7020
4C41 5050 2070 7020
4C41 5050 2070 7020
4C41 5050 2070 7020
4C41 5050 2070 7020
4C41 5050 2070 7020
4C41 5050 2070 7020
4C41 5050 2070 7020
4C41 5050 2070 7020
4C41 5050 2070 7020
4C41 5050 2070 7020
4C41 5050 2070 7020
4C41 5050 2070 7020
4C41 5050 2070 7020
4C41 5050 2070 7020
4C41 5050 2070 7020
4C41 5050 2070 7020
4C41 5050 2070 7020
4C41 5050 2070 7020
4C41 5050 2070 7020
4C41 5050 2070 7020
4C41 5050 2070 7020
4C41 5050 2070 7020
4C41 5050 2070 7020
4C41 5050 2070 7020
4C41 5050 2070 7020
4C41 5050 2070 7020
4C41 5050 2070 7020
4C41 5050 2070 7020
4C41 5050 2070 7020
4C41 5050 2070 7020
4C41 5050 2070 7020
4C41 5050 2070 7020
4C41 5050 2070 7020
4C41 5050 2070 7020
4C41 5050 2070 7020
4C41 5050 2070 7020
4C41 5050 2070 7020
4C41 5050 2070 7020
4C41 5050 2070 7020
4C41 5050 2070 7020
4C41 5050 2070 7020
4C41 5050 2070 7020
4C41 5050 2070 7020
4C41 5050 2070 7020
4C41 5050 2070 7020
4C41 5050 2070 7020
4C41 5050 2070 7020
4C41 5050 2070 7020
4C41 5050 2070 7020
4C41 5050 2070 7020
4C41 5050 2070 7020
4C41 5050 2070 7020
4C41 5050 2070 7020
4C41 5050 2070 7020
4C41 5050 2070 7020
4C41 5050 2070 7020
4C41 5050 2070 7020
4C41 5050 2070 7020
4C41 5050 2070 7020
4C41 5050 2070 7020
4C41 5050 2070 7020
4C41 5050 2070 7020
4C41 5050 2070 7020
4C41 5050 2070 7020
4C41 5050 2070 7020
4C41 5050 2070 7020
4C41 5050 2070 7020
4C41 5050 2070 7020
4C41 5050 2070 7020
4C41 5050 2070 7020
4C41 5050 2070 7020
4C41 5050 2070 7020
4C41 5050 2070 7020
4C41 5050 2070 7020
4C41 5050 2070 7020
4C41 5050 2070 7020
4C41 5050 2070 7020
4C41 5050 2070 7020
4C41 5050 2070 7020
4C41 5050 2070 7020
4C41 5050 2070 7020
4C41 5050 2070 7020
4C41 5050 2070 7020
4C41 5050 2070 7020
4C41 5050 2070 7020
4C41 5050 2070 7020
4C41 5050 2070 7020
4C41 5050 2070 7020
4C41 5050 2070 7020
4C41 5050 2070 7020
4C41 5050 2070 7020
4C41 5050 2070 7020
4C41 5050 2070 7020
4C41 5050 2070 7020
4C41 5050 2070 7020
4C41 5050 2070 7020
4C41 5050 2070 7020
4C41 5050 2070 7020
4C41 5050 2070 7020
4C41 5050 2070 7020
4C41 5050 2070 7020
4C41 5050 2070 7020
4C41 5050 2070 7020
4C41 5050 2070 7020
4C41 5050 2070 7020
4C41 5050 2070 7020
4C41 5050 2070 7020
4C41 5050 2070 7020
4C41 5050 2070 7020
4C41 5050 2070 7020
4C41 5050 2070 7020
4C41 5050 2070 7020
4C41 5050 2070 7020
4C41 5050 2070 7020
4C41 5050 2070 7020
4C41 5050 2070 7020
4C41 5050 2070 7020
4C41 5050 2070 7020 000 1
% Packet number 11 ended at time 2393600 ps

@378
4500 0054 000A 0000
4011 F864 C0A8 0095
C0A8 0045 1343 0002
0040 00DD 7465 7374
2062 6C61 2062 6C61
2065 7465 2070 7020
4C41 5050 2068 6575
7420 6973 7420 6569
6E20 7775 6E64 6572
7363 686F 656E 6572
2074 6167 656E 6572 100 0
% Packet number 12 ended at time 2515200 ps

